1000000
1000004
1000160
1000162
1000164
1000166
1000168
1000170
1000172
1000214
1000216
1000218
1000220
1000222
1000224
1000226
1000228
1000230
1000232
1000234
1000236
1000238
1000240
1000242
1000244
1000246
1000248
1000250
1000252
1000254
1000256
1000258
1000260
1000262
1000264
1000266
1000268
1000270
1000272
1000274
1000276
20021095208142
20021721617474
20021721617532
20021721617680
20021721617680-test
200217216180125
20021721618056
20021721618072
20021721618075
2002172171623
2002172171718
20021721717234
20021721721107
20021721721110
20021721721173
20021721721182
2002172173648
20021721739189
20021721739195
20021721739198
20021721740100
20021721740102
20021721740104
20021721740106
20021721740108
20021721740110
20021721740112
20021721740114
20021721740116
20021721740118
20021721740120
20021721740122
20021721740124
20021721740126
20021721740128
20021721740130
2002172174092
2002172174094
2002172174096
2002172174098
200217217412
2002172174211
200217217427
20021721743111
20021721743154
20021721748133
20021721748135
20021721748137
2002172174820
2002172175051
200217217634
200217217923
200217219172105
200217219172107
200217219172109
200217219172111
20021722214965
20021722215051
20021722215052
20021722215053
20021722215054
20021722215055
20021722215056
20021722215057
20021722215058
20021722215059
20021722215060
200217222152103
20021722215211
20021722215212
20021722215213
20021722215214
20021722215215
20021722215216
20021722215217
20021722215262
20021722215265
20021722215436
20021722215460
20021722215462
20021722215464
20021722215466
200217222170109
200219216813218
2102172173648